1,235,5,17,111.02,4,2018-12-30 02:46:31
2,20,8,16,763.81,2,2018-11-17 23:26:28
3,17,0,13,1918.33,0,2018-12-15 03:59:46
4,115,5,2,1742.52,3,2018-12-14 14:55:11
5,60,3,1,1448.98,1,2018-11-28 20:18:56
6,14,3,12,837.23,2,2018-10-03 04:54:14
7,140,0,9,1857.27,2,2018-11-22 00:58:17
8,296,4,15,1116.78,2,2018-11-03 08:25:50
9,160,9,3,1399.23,4,2018-11-18 09:27:30
10,37,4,2,1462.96,2,2018-10-27 16:43:43
11,118,7,7,1206.60,2,2018-12-14 02:50:12
12,270,7,7,661.14,4,2018-11-17 23:17:51
13,269,6,14,310.80,3,2018-12-13 23:08:00
14,108,9,16,467.80,1,2018-12-20 07:49:30
15,239,5,17,1918.95,3,2018-12-07 21:56:59
16,96,0,6,591.29,4,2019-01-05 14:01:15
17,0,0,4,89.36,4,2018-10-03 12:36:16
18,99,9,14,1690.93,0,2018-11-14 05:19:14
19,115,3,0,377.44,2,2018-10-31 18:45:46
20,266,5,15,569.50,2,2018-10-24 12:44:24
21,199,2,14,1071.71,1,2018-11-13 02:43:24
22,42,1,4,66.78,0,2018-11-30 10:20:41
23,74,9,5,814.63,2,2019-01-04 11:37:38
24,47,0,18,1523.37,4,2018-10-26 01:10:09
25,35,1,14,1863.03,4,2018-12-14 20:44:39
26,26,0,3,750.68,1,2019-01-02 15:49:10
27,141,2,8,1301.69,4,2018-12-13 03:20:12
28,17,2,7,292.09,3,2018-12-14 08:50:14
29,266,0,12,153.29,0,2018-12-17 13:09:51
30,107,4,12,1380.49,2,2018-11-05 00:08:29
31,210,7,16,1653.41,3,2018-10-15 00:59:33
32,97,5,17,1780.08,2,2018-10-18 05:38:31
33,13,7,0,765.57,1,2018-10-27 05:38:59
34,112,1,10,1944.08,3,2018-10-30 02:44:51
35,216,8,8,237.21,2,2018-10-29 02:27:24
36,172,5,16,1331.23,3,2018-11-21 22:10:48
37,242,6,17,737.81,1,2018-11-14 05:17:15
38,237,9,4,1912.34,1,2019-01-04 04:09:52
39,295,2,7,629.20,0,2018-11-02 11:25:47
40,278,0,6,882.61,1,2019-01-07 12:48:59
41,198,7,13,101.02,3,2018-12-23 15:24:00
42,256,1,4,1298.97,1,2018-10-27 23:20:07
43,122,0,12,1328.14,0,2018-10-07 23:56:51
44,30,4,13,114.80,1,2018-12-06 17:36:39
45,60,8,1,1190.57,3,2018-10-15 01:44:51
46,35,4,13,1123.11,4,2018-10-31 23:41:02
47,255,5,14,318.04,3,2018-10-27 19:22:30
48,15,8,6,286.64,0,2018-12-18 01:25:40
49,152,3,9,813.59,4,2018-11-05 00:36:07
50,155,0,17,1377.47,3,2018-10-21 18:47:04
51,112,8,5,1162.92,1,2018-10-27 23:38:57
52,88,8,7,1725.38,2,2018-10-31 10:38:22
53,24,8,14,394.57,4,2019-01-01 23:51:29
54,56,1,7,1044.49,3,2018-12-28 13:55:33
55,82,3,3,522.17,0,2018-12-09 14:23:22
56,160,5,1,38.92,1,2018-12-08 22:46:37
57,250,3,10,1332.09,2,2018-11-09 07:01:41
58,290,3,6,954.51,2,2018-10-28 20:52:10
59,184,9,0,492.52,0,2018-10-06 10:47:20
60,227,8,7,1025.15,0,2018-11-01 05:01:28
61,160,0,19,223.95,2,2018-12-08 14:02:24
62,228,7,15,344.90,1,2019-01-06 00:48:39
63,191,8,18,1012.86,0,2018-12-14 18:20:11
64,271,6,5,1973.90,1,2018-12-17 13:15:27
65,6,0,7,1353.99,1,2018-12-07 02:13:37
66,12,4,14,1855.63,4,2018-10-11 08:57:22
67,109,6,17,1710.58,2,2018-11-07 14:05:07
68,127,3,17,1590.38,0,2018-10-24 20:15:19
69,231,9,5,1882.75,0,2018-11-02 12:15:38
70,213,7,5,1386.54,1,2018-11-18 19:53:23
71,64,2,7,1023.24,0,2018-11-19 14:06:02
72,218,3,1,114.64,1,2018-10-14 01:33:50
73,251,4,18,545.61,4,2018-11-22 16:20:38
74,0,2,19,743.18,2,2019-01-02 09:58:27
75,79,0,12,1196.93,0,2018-11-19 16:56:40
76,212,5,2,1369.74,0,2018-12-04 01:38:09
77,166,4,17,1335.64,4,2018-12-31 09:12:14
78,143,4,10,312.98,0,2018-10-25 15:37:30
79,209,5,18,842.86,2,2018-12-08 01:57:23
80,172,4,6,1442.05,0,2018-10-18 05:40:24
81,107,4,11,1634.96,3,2018-10-10 22:15:49
82,80,3,6,139.95,4,2018-11-02 09:07:23
83,4,0,10,126.05,1,2018-12-03 09:49:45
84,220,0,14,480.41,2,2018-10-28 22:39:10
85,173,8,6,1557.06,4,2019-01-07 01:39:25
86,242,1,11,706.10,1,2018-10-15 08:19:37
87,47,0,17,1365.48,1,2018-10-24 01:06:35
88,140,9,16,696.36,4,2018-10-23 11:01:23
89,58,5,6,1873.90,1,2018-10-09 05:26:42
90,298,4,18,1479.25,2,2018-10-26 19:36:30
91,84,6,11,1842.09,4,2018-10-13 22:03:25
92,179,4,9,1056.05,1,2018-10-30 07:54:47
93,118,5,11,1825.51,0,2018-11-22 05:56:36
94,102,4,15,1851.61,1,2018-11-13 15:21:21
95,50,7,7,1941.70,1,2019-01-03 04:58:23
96,227,5,4,1375.10,0,2018-10-17 06:24:14
97,131,2,4,1346.09,1,2019-01-07 09:13:47
98,49,7,16,1470.56,0,2018-10-17 17:51:01
99,7,5,0,401.96,1,2018-10-10 13:37:51
100,264,6,13,1560.75,1,2018-11-24 06:59:27
101,240,5,6,789.34,4,2019-01-02 18:44:12
102,157,7,16,1152.10,4,2019-01-02 09:45:01
103,50,2,13,1387.93,2,2018-12-24 18:36:37
104,262,1,7,1591.55,3,2018-12-26 08:30:24
105,265,2,5,1097.34,4,2018-12-11 10:57:02
106,4,7,8,1569.86,2,2018-11-04 22:20:23
107,278,5,18,1388.13,4,2018-11-18 14:49:45
108,258,4,10,482.93,1,2018-10-21 21:47:21
109,268,0,1,530.77,1,2018-12-07 07:15:47
110,271,1,10,726.78,1,2018-11-09 14:51:39
111,217,8,8,1503.31,2,2018-11-19 08:18:09
112,80,4,13,1957.64,4,2018-12-23 19:42:30
113,170,4,2,564.94,1,2018-10-25 22:26:42
114,149,0,8,843.48,2,2018-12-12 04:55:54
115,33,2,1,592.52,1,2018-10-19 06:38:46
116,3,8,16,823.38,0,2018-11-13 23:19:24
117,274,4,4,1354.64,1,2018-11-24 02:22:25
118,72,9,1,736.93,4,2018-11-05 09:39:02
119,142,4,9,946.12,0,2018-12-16 04:51:13
120,151,1,2,1155.56,1,2018-10-08 18:15:08
121,256,3,3,282.42,3,2018-12-27 04:10:54
122,226,1,3,1014.87,3,2018-11-13 22:37:30
123,214,5,9,673.31,4,2018-12-10 21:01:23
124,73,6,4,1291.37,2,2018-12-30 23:02:12
125,163,3,3,1528.41,4,2018-12-14 02:29:07
126,105,7,10,476.07,3,2018-11-16 14:27:04
127,95,8,3,1821.25,1,2018-12-09 23:53:31
128,138,6,19,1361.97,4,2018-11-11 00:35:43
129,284,4,9,336.49,4,2018-10-08 18:12:43
130,275,0,19,983.06,2,2018-10-28 06:02:20
131,63,8,3,386.02,4,2018-10-05 17:27:21
132,137,5,10,622.98,4,2018-11-04 22:58:14
133,144,2,0,700.08,4,2018-11-17 22:33:12
134,158,9,17,764.04,4,2018-12-19 06:30:11
135,94,3,15,1830.31,1,2018-11-05 21:40:18
136,236,2,5,188.91,0,2018-11-16 23:56:51
137,117,3,12,1552.52,2,2018-10-07 23:56:33
138,156,2,11,601.99,2,2018-12-02 23:43:59
139,122,9,11,1490.49,1,2018-10-27 08:16:40
140,41,3,18,1935.65,3,2018-12-06 15:55:56
141,5,6,18,220.46,0,2018-10-12 11:50:28
142,220,0,7,1683.90,2,2018-10-19 04:25:43
143,142,2,9,1335.87,1,2018-12-18 22:04:24
144,14,5,8,305.56,4,2018-10-24 18:27:46
145,217,7,5,885.32,1,2018-10-14 09:29:22
146,151,7,16,9.81,0,2018-11-19 11:05:22
147,240,6,10,935.31,1,2019-01-06 16:00:24
148,273,2,14,533.14,2,2018-11-07 05:05:08
149,26,6,18,96.50,1,2019-01-08 17:53:43
150,216,1,4,200.82,2,2018-11-15 18:36:18
151,83,0,3,1191.56,2,2018-11-15 08:46:25
152,64,4,8,404.82,2,2018-11-20 18:07:50
153,155,8,8,991.56,0,2018-11-02 06:57:45
154,287,2,15,1297.17,3,2018-12-26 04:15:46
155,113,8,13,421.37,4,2018-10-17 01:29:31
156,250,2,10,1074.72,3,2018-12-22 03:53:12
157,113,3,16,802.09,4,2018-12-09 21:30:53
158,45,2,9,702.02,1,2018-12-09 19:05:10
159,157,5,13,1689.31,3,2018-11-10 17:46:53
160,148,8,18,1678.76,0,2018-12-17 20:33:46
161,248,2,6,460.66,1,2018-10-05 06:42:07
162,173,7,0,1803.48,1,2018-11-24 14:50:03
163,85,7,7,1945.89,4,2018-12-31 00:38:35
164,255,2,14,522.96,0,2018-10-30 18:31:43
165,268,4,18,672.98,4,2018-12-22 23:02:48
166,216,7,19,1996.74,1,2018-11-19 02:19:38
167,208,7,11,1475.66,4,2018-11-04 09:57:32
168,104,5,11,467.15,3,2018-11-22 08:50:09
169,285,1,15,1680.43,1,2018-10-12 22:12:56
170,2,9,3,830.41,3,2018-12-11 10:03:55
171,5,1,10,428.66,3,2019-01-05 13:32:12
172,264,3,10,1783.93,4,2018-12-14 06:41:17
173,266,7,7,112.46,1,2019-01-06 21:21:23
174,234,3,1,815.38,3,2018-10-30 09:43:16
175,58,4,5,1788.33,3,2019-01-07 20:40:41
176,8,5,6,242.89,1,2018-11-28 10:14:12
177,243,5,9,1814.25,4,2018-10-29 13:23:38
178,230,5,6,61.46,2,2018-11-28 04:50:57
179,45,8,18,1022.00,3,2019-01-09 06:52:27
180,281,4,8,1453.95,3,2018-11-27 17:29:46
181,198,8,12,334.10,3,2018-10-18 06:56:29
182,255,7,5,346.85,1,2018-10-20 02:42:43
183,54,8,17,1864.86,0,2018-11-03 03:30:17
184,240,8,14,598.65,2,2018-12-07 12:34:43
185,225,6,2,866.22,1,2018-11-27 02:32:11
186,21,6,16,476.82,1,2019-01-06 21:37:31
187,298,8,0,1205.95,4,2018-10-07 17:58:39
188,198,5,0,1587.10,0,2018-10-25 13:30:54
189,145,5,6,868.47,4,2018-11-08 23:54:19
190,273,1,19,853.21,0,2018-10-22 16:56:13
191,29,9,6,1874.87,2,2018-11-12 04:41:56
192,73,3,17,1398.59,0,2018-10-12 16:21:35
193,64,0,16,1310.94,1,2018-12-23 11:24:58
194,104,9,6,1052.53,4,2018-10-18 09:46:23
195,152,0,7,270.39,3,2018-10-26 04:42:11
196,253,7,17,1897.21,4,2018-11-21 20:03:59
197,244,9,9,560.07,0,2018-10-12 15:34:08
198,102,7,19,1900.59,3,2018-12-04 22:49:24
199,79,8,9,227.32,4,2018-12-11 04:32:59
200,59,2,16,759.41,2,2018-11-10 10:18:36
201,193,5,16,264.32,4,2018-12-14 15:59:50
202,28,5,13,1032.97,3,2018-12-28 01:19:08
203,192,5,17,1285.45,3,2018-11-19 15:26:53
204,205,0,2,1308.86,0,2018-11-23 10:05:11
205,175,7,13,1281.26,3,2018-10-17 14:35:14
206,92,5,2,245.54,4,2018-12-04 13:50:33
207,54,8,19,604.55,4,2018-12-14 19:41:58
208,239,0,13,24.52,0,2018-10-08 19:32:24
209,109,8,9,1672.23,0,2018-12-15 11:53:36
210,257,0,1,65.85,1,2018-10-12 08:53:40
211,91,1,1,1161.99,3,2018-12-18 00:45:07
212,252,2,5,270.94,0,2018-11-13 01:41:18
213,142,7,12,89.65,0,2018-10-18 09:38:37
214,184,1,12,1915.89,1,2018-10-11 01:40:15
215,238,8,12,574.52,3,2018-12-21 07:36:27
216,118,3,11,1395.76,3,2018-10-20 22:35:26
217,79,1,9,493.28,1,2018-12-08 00:03:44
218,3,5,18,988.60,0,2018-11-11 09:11:31
219,276,9,9,903.53,2,2018-10-03 05:57:17
220,197,1,17,1747.32,1,2018-11-30 11:18:34
221,130,5,1,55.53,4,2018-10-17 22:11:47
222,61,2,10,1524.96,0,2018-10-05 04:59:39
223,202,3,9,132.88,3,2018-10-08 23:37:24
224,248,5,3,386.34,2,2018-10-04 14:04:51
225,268,7,7,1352.51,4,2018-11-30 18:58:24
226,40,8,14,555.37,4,2018-11-30 14:47:34
227,49,3,9,651.33,0,2018-11-12 20:21:44
228,213,4,0,1298.28,2,2018-12-11 11:30:52
229,219,8,13,485.90,2,2018-12-18 05:46:18
230,113,5,16,358.61,4,2019-01-04 08:08:55
231,236,8,10,1026.38,0,2019-01-10 08:09:00
232,157,7,5,1759.40,2,2018-10-04 20:05:22
233,209,1,1,642.47,0,2018-12-21 02:38:03
234,39,1,12,1893.63,1,2018-12-22 18:40:44
235,74,7,5,624.07,2,2018-11-19 21:26:23
236,129,4,13,1167.06,0,2018-10-12 11:21:24
237,211,2,8,1771.68,2,2018-11-07 12:49:32
238,111,6,0,1273.67,4,2018-12-24 00:50:05
239,136,5,0,209.28,1,2018-11-23 10:28:45
240,102,3,2,116.02,1,2018-12-02 21:52:23
241,210,0,18,1548.16,1,2018-12-05 20:39:46
242,97,0,2,979.44,1,2018-11-03 08:48:24
243,127,8,3,1553.80,4,2018-11-01 14:49:37
244,121,6,18,1785.43,1,2018-10-05 15:19:53
245,113,5,12,584.68,0,2018-11-16 10:11:25
246,189,5,8,947.28,2,2018-10-14 07:11:12
247,67,8,7,1284.21,4,2018-12-23 19:16:50
248,207,9,11,796.88,0,2018-12-09 01:35:39
249,192,7,12,1972.62,0,2018-12-25 00:42:57
250,154,9,19,1920.46,3,2018-12-05 00:58:16
251,272,3,1,719.62,1,2018-10-19 13:53:08
252,110,6,10,612.40,2,2018-10-27 15:33:39
253,254,4,4,1650.78,3,2018-10-12 20:18:03
254,131,6,19,515.90,2,2018-11-06 07:27:46
255,145,5,19,279.04,2,2018-11-22 09:47:49
256,205,5,4,1261.51,3,2018-10-11 04:42:16
257,35,3,6,1839.47,0,2018-10-07 20:55:18
258,128,8,4,335.80,1,2018-11-18 08:04:18
259,159,5,18,180.74,2,2018-10-08 08:21:50
260,0,5,3,720.11,1,2018-12-17 07:15:16
261,206,3,5,826.06,0,2018-12-25 18:46:35
262,256,2,19,143.14,1,2018-10-27 10:19:26
263,31,9,18,611.50,1,2018-11-11 20:48:13
264,181,5,6,1609.36,2,2018-11-22 08:38:10
265,56,7,6,749.14,3,2018-10-12 15:28:59
266,6,6,1,621.64,0,2018-10-29 23:58:13
267,77,5,17,310.41,4,2018-12-01 15:23:30
268,23,8,4,41.02,1,2018-11-01 02:03:15
269,171,5,15,702.31,2,2019-01-04 09:10:50
270,175,4,19,1555.60,1,2018-12-29 11:38:38
271,248,2,12,592.88,1,2018-10-28 09:17:40
272,71,1,0,1406.58,0,2018-12-20 08:11:27
273,55,4,12,1465.32,2,2018-12-11 07:52:27
274,53,2,8,1391.88,1,2018-12-03 18:36:24
275,216,1,3,232.32,2,2019-01-04 00:57:43
276,169,8,11,690.34,1,2018-11-10 09:19:21
277,8,8,4,468.49,2,2019-01-05 17:01:48
278,171,2,2,1085.50,0,2018-11-03 04:03:01
279,83,0,8,1322.51,2,2018-10-11 07:57:58
280,159,9,12,482.70,4,2018-10-14 22:14:38
281,253,0,0,1208.17,3,2019-01-04 02:12:00
282,278,3,5,1882.73,3,2018-11-19 19:30:24
283,174,1,8,1261.07,1,2018-12-09 17:48:07
284,241,5,10,277.90,4,2018-10-16 16:50:36
285,42,9,15,254.77,0,2018-12-04 08:54:05
286,13,3,5,259.49,2,2018-11-11 01:20:29
287,262,5,12,1324.55,2,2018-11-18 20:35:51
288,130,5,1,1861.17,2,2018-12-03 20:30:36
289,142,4,2,1230.79,2,2018-12-05 16:48:06
290,153,8,19,610.36,3,2018-11-23 20:38:02
291,124,5,13,1948.19,0,2018-10-28 09:06:09
292,61,1,2,1623.47,2,2018-10-10 00:43:13
293,149,0,10,685.73,2,2018-10-28 04:45:48
294,137,2,8,1472.44,0,2018-12-21 11:07:21
295,219,6,9,778.66,0,2018-11-19 00:28:07
296,252,0,6,1487.89,4,2018-12-28 05:02:12
297,35,4,8,1655.64,4,2019-01-10 14:18:10
298,182,8,12,70.66,2,2018-11-21 15:32:10
299,177,9,7,1835.31,4,2019-01-09 22:30:11
300,80,4,10,1789.52,3,2019-01-10 21:31:40
301,154,2,11,869.06,0,2018-12-27 20:08:58
302,247,9,4,785.38,3,2018-12-17 13:27:51
303,94,8,10,696.07,4,2018-10-14 08:40:29
304,86,4,9,1921.85,3,2018-11-02 20:33:46
305,208,6,10,1047.41,0,2018-10-12 20:17:35
306,70,3,16,1770.14,3,2018-10-27 16:52:20
307,231,4,17,1516.07,4,2018-10-12 06:08:23
308,40,5,3,1845.62,3,2018-11-19 09:19:32
309,214,8,5,546.71,2,2018-11-22 14:30:14
310,149,9,6,386.76,2,2018-10-25 17:27:42
311,248,7,16,892.73,1,2019-01-08 19:40:31
312,33,2,16,1651.74,4,2018-10-13 03:59:59
313,18,6,4,698.89,0,2018-11-28 23:26:59
314,190,9,0,377.20,1,2018-11-27 00:43:33
315,141,1,1,1108.29,2,2018-11-10 01:59:28
316,108,8,10,1278.41,2,2018-10-04 14:06:54
317,61,8,0,634.66,2,2018-10-03 18:33:19
318,51,7,5,1755.79,1,2018-12-18 18:01:21
319,96,1,16,1110.89,2,2018-12-23 15:24:50
320,229,5,6,202.79,0,2018-12-18 05:33:49
321,189,2,11,106.38,2,2018-12-01 22:17:33
322,78,6,12,282.51,1,2018-12-21 19:05:42
323,13,6,11,1737.99,4,2018-12-27 13:05:25
324,33,6,8,1461.32,2,2018-11-10 07:14:09
325,203,0,11,878.12,1,2019-01-02 12:48:55
326,157,3,11,1067.32,3,2018-11-07 03:27:36
327,273,9,6,140.92,4,2018-11-10 04:41:15
328,174,2,13,1697.89,3,2018-12-22 12:45:01
329,273,0,11,611.33,2,2018-10-26 16:23:32
330,118,6,8,357.91,0,2018-10-18 10:47:55
331,247,4,11,1136.84,2,2018-11-16 00:15:16
332,148,4,8,1098.00,4,2018-10-26 06:06:12
333,109,5,12,1848.67,4,2018-12-19 05:12:25
334,232,7,19,876.94,0,2018-10-16 13:09:17
335,201,2,14,294.76,4,2018-12-30 07:16:35
336,48,1,6,36.87,3,2018-12-15 18:25:55
337,36,6,17,684.54,1,2018-12-16 11:05:10
338,240,7,14,1202.68,3,2018-10-13 17:45:36
339,155,3,7,954.49,1,2018-12-14 09:44:48
340,281,3,7,1053.58,2,2018-10-31 22:08:57
341,68,1,15,1009.82,3,2018-11-27 18:47:07
342,268,7,11,625.65,1,2018-12-29 20:44:36
343,290,7,2,1082.64,4,2018-11-18 15:12:17
344,246,8,3,1358.22,1,2019-01-06 18:39:46
345,78,4,5,829.77,1,2018-11-05 21:55:29
346,187,1,5,1666.29,1,2018-11-20 09:16:38
347,7,6,17,1887.53,4,2018-12-06 22:33:02
348,121,7,2,487.82,1,2018-12-28 01:48:18
349,192,5,5,1077.65,1,2018-12-14 10:03:12
350,78,7,7,1003.00,0,2018-12-07 18:19:24
351,64,8,10,444.56,2,2018-11-24 03:51:55
352,254,3,15,1947.20,2,2018-11-18 07:11:05
353,235,1,0,583.09,0,2019-01-04 06:57:12
354,232,4,18,1936.71,0,2018-11-05 13:20:46
355,105,1,0,1226.50,4,2018-12-18 22:06:19
356,72,0,1,704.18,3,2018-10-30 10:27:11
357,133,9,17,1403.08,1,2018-10-18 19:50:50
358,239,4,19,1707.84,4,2018-10-31 10:16:00
359,40,2,17,388.20,2,2018-11-21 16:12:52
360,154,5,9,254.41,2,2018-10-19 03:26:59
361,63,5,2,584.63,0,2018-12-30 11:25:22
362,104,0,2,983.32,1,2018-12-28 01:30:56
363,251,0,7,1922.51,2,2018-12-08 23:29:39
364,98,0,13,1628.95,2,2018-12-08 12:08:37
365,44,2,13,1602.23,1,2018-10-23 12:57:48
366,166,3,19,645.69,2,2018-11-22 21:39:54
367,94,0,14,384.76,2,2018-12-03 22:57:06
368,237,5,14,188.93,3,2018-10-25 16:20:06
369,236,5,9,1199.27,4,2018-12-31 12:53:32
370,178,2,13,643.55,4,2018-12-08 13:47:52
371,250,9,6,775.17,2,2019-01-06 15:41:50
372,13,0,3,334.33,3,2019-01-09 00:29:59
373,186,0,17,1161.63,4,2019-01-05 19:51:20
374,220,2,18,1101.82,1,2018-11-03 15:21:33
375,202,3,3,374.24,0,2019-01-01 11:54:40
376,257,7,2,1349.99,0,2018-10-30 02:29:35
377,194,4,19,1662.91,3,2018-11-30 14:16:42
378,200,9,0,1142.22,0,2018-12-04 05:54:39
379,225,7,8,1843.17,1,2018-12-24 22:24:14
380,80,4,6,1519.82,0,2018-10-18 09:05:45
381,34,8,18,1244.59,4,2018-11-01 08:29:40
382,206,1,2,1929.14,4,2018-12-29 10:06:51
383,30,3,18,1731.86,2,2018-11-30 22:35:41
384,250,1,11,361.38,3,2018-11-06 18:31:07
385,40,0,6,230.70,3,2018-12-07 00:05:54
386,71,4,19,1332.63,2,2018-11-26 19:00:14
387,182,2,15,1679.37,4,2018-10-09 02:09:17
388,233,8,3,365.60,3,2019-01-02 11:46:59
389,14,3,4,1425.53,3,2018-10-15 08:04:56
390,297,1,8,289.88,3,2018-11-17 00:18:11
391,25,8,0,1047.03,4,2018-12-21 21:41:46
392,289,9,16,1972.55,2,2018-11-23 11:30:35
393,185,7,7,304.03,4,2018-12-17 01:41:38
394,109,8,2,1448.64,1,2018-11-26 18:06:17
395,53,7,1,1491.62,2,2018-11-19 01:13:47
396,251,4,15,672.32,2,2019-01-06 22:08:57
397,295,5,15,578.69,0,2018-11-15 09:45:25
398,96,1,13,990.16,1,2018-12-06 20:30:55
399,104,9,0,66.54,4,2018-12-02 06:57:22
400,173,8,18,1090.47,2,2018-11-25 00:21:59
401,156,3,5,12.63,0,2018-10-20 07:25:53
402,73,8,2,656.55,2,2018-10-12 12:29:40
403,174,7,9,1831.14,1,2018-12-19 02:21:25
404,28,9,14,1701.16,3,2018-11-03 07:48:48
405,195,8,4,1647.82,0,2018-11-06 19:35:39
406,168,7,18,946.57,4,2019-01-03 09:35:22
407,236,9,3,1653.53,3,2018-12-04 08:50:33
408,247,8,17,1406.39,0,2018-10-28 11:10:39
409,93,6,5,1228.46,1,2018-10-09 09:01:58
410,234,7,4,196.07,1,2018-11-19 04:28:57
411,201,7,9,1909.96,2,2018-12-13 11:52:02
412,187,2,17,1628.22,0,2018-12-07 07:37:53
413,145,0,16,523.41,0,2018-12-25 04:07:15
414,71,9,7,1823.70,3,2018-11-09 16:05:27
415,221,8,6,113.67,0,2018-12-06 09:29:19
416,197,5,7,781.46,2,2018-11-08 15:22:35
417,134,9,9,487.96,3,2018-10-08 04:13:23
418,246,9,0,1399.25,2,2018-10-23 12:25:38
419,293,6,1,148.84,3,2018-10-15 19:17:37
420,273,3,4,27.43,2,2018-12-15 08:29:53
421,148,0,3,1754.03,1,2018-12-01 10:14:45
422,271,8,19,381.83,3,2018-11-26 13:20:43
423,28,7,5,740.32,4,2018-12-14 09:56:25
424,154,3,15,55.37,3,2018-10-27 13:00:34
425,122,2,19,799.13,0,2018-10-18 09:38:10
426,256,5,15,376.61,4,2018-12-04 06:31:10
427,36,4,1,1057.43,4,2018-11-28 08:38:16
428,263,1,0,295.90,0,2019-01-10 06:35:06
429,257,5,18,318.38,3,2018-11-08 04:08:10
430,203,3,5,573.70,1,2018-11-30 18:10:01
431,8,0,16,1930.07,0,2019-01-03 05:18:16
432,203,9,17,442.00,4,2018-11-11 01:41:30
433,183,8,14,1810.10,2,2018-11-10 12:48:02
434,121,2,13,1659.37,3,2018-12-23 14:08:48
435,227,3,18,48.15,2,2018-12-24 01:49:17
436,33,8,9,1435.90,1,2018-10-09 11:42:28
437,228,8,0,1184.46,4,2018-12-21 17:10:42
438,269,5,8,1929.52,3,2018-10-28 10:10:20
439,288,0,1,1720.28,2,2019-01-08 04:03:06
440,176,1,8,1176.16,2,2019-01-08 21:50:21
441,120,9,0,315.70,2,2018-10-26 05:25:21
442,49,2,2,1587.01,4,2018-12-16 14:03:42
443,251,8,13,285.28,0,2018-11-03 12:55:47
444,7,9,11,1107.39,0,2018-12-04 09:07:32
445,206,8,15,882.70,2,2018-10-22 14:09:10
446,48,1,5,1269.25,0,2018-11-23 22:09:50
447,22,5,3,1100.19,2,2018-10-23 13:33:51
448,138,2,14,1575.53,2,2019-01-08 20:03:42
449,183,8,0,1578.61,1,2018-12-09 11:56:15
450,86,3,16,729.01,0,2018-12-08 00:18:26
451,61,3,13,170.95,4,2018-12-31 00:50:17
452,207,0,16,365.34,1,2018-12-28 03:50:49
453,292,4,11,1819.29,3,2018-11-11 03:11:37
454,298,7,4,1281.20,3,2018-10-22 18:07:54
455,96,1,16,947.14,3,2018-12-27 14:20:09
456,162,7,17,181.76,1,2018-10-06 08:17:27
457,107,7,8,441.63,0,2018-12-02 19:54:08
458,275,7,6,1130.08,3,2018-10-09 22:32:48
459,148,9,0,569.51,1,2018-12-30 19:05:34
460,285,3,0,995.71,2,2018-11-21 04:13:14
461,30,6,5,556.50,4,2018-12-09 06:52:02
462,98,3,6,6.04,3,2018-12-23 07:42:39
463,206,3,19,1939.49,0,2018-11-30 21:44:26
464,56,3,9,144.94,0,2018-12-25 11:04:39
465,54,8,7,1707.67,2,2018-11-05 12:07:41
466,105,3,13,667.74,1,2018-11-18 20:35:17
467,298,7,18,1371.89,3,2018-11-19 20:36:18
468,140,9,11,864.33,0,2018-10-07 13:46:29
469,248,4,12,1786.51,1,2019-01-01 05:06:59
470,143,2,4,1765.25,3,2019-01-02 10:01:34
471,173,5,18,1297.78,3,2018-10-15 09:02:25
472,188,2,14,515.33,4,2018-11-28 08:53:13
473,255,1,16,1764.02,0,2018-11-01 04:05:00
474,73,6,2,1311.38,3,2018-11-20 19:27:40
475,63,6,15,1501.43,2,2018-12-01 09:35:46
476,59,5,18,1192.59,0,2019-01-04 01:00:21
477,156,8,15,225.21,3,2018-10-23 23:42:43
478,125,3,1,573.12,4,2018-12-20 11:37:50
479,172,3,8,705.71,2,2018-11-25 01:43:08
480,198,0,9,1606.58,4,2018-10-11 02:51:50
481,72,8,3,1927.38,0,2018-12-25 11:11:18
482,138,4,1,571.95,4,2019-01-04 22:08:55
483,283,2,0,962.87,0,2018-12-15 17:42:19
484,40,6,5,174.10,3,2018-12-02 19:09:55
485,265,2,4,1152.65,2,2018-10-07 02:40:16
486,2,1,7,1571.29,4,2018-11-29 21:07:06
487,190,8,14,262.45,3,2019-01-04 03:30:38
488,181,7,3,1094.35,4,2018-12-11 12:21:42
489,220,0,2,486.35,1,2018-12-29 23:46:42
490,150,8,10,1931.19,4,2019-01-06 17:14:17
491,47,0,6,35.97,2,2018-11-23 02:46:25
492,214,4,12,1846.39,3,2018-11-25 06:05:48
493,239,2,0,826.71,2,2018-11-14 14:11:05
494,230,2,17,524.99,0,2018-10-03 04:43:53
495,101,9,9,1817.93,0,2018-11-04 13:32:02
496,43,5,7,14.55,0,2018-12-23 22:09:02
497,20,6,5,917.82,0,2018-12-31 13:10:56
498,158,9,15,539.54,4,2018-10-22 20:15:01
499,131,4,8,1215.29,0,2018-12-17 19:12:01
500,63,0,13,1631.61,3,2018-11-12 03:05:24
501,157,1,5,496.34,4,2018-11-26 23:36:12
502,185,7,9,1919.93,0,2018-11-05 17:01:20
503,231,5,13,1542.64,2,2019-01-04 22:07:33
504,146,9,0,325.09,1,2018-12-03 05:10:10
505,153,2,8,253.93,3,2018-10-27 22:24:25
506,113,1,3,971.86,2,2018-11-03 03:15:13
507,132,5,12,1997.88,1,2019-01-09 10:08:18
508,257,3,8,460.43,4,2018-11-03 14:12:44
509,277,0,7,241.32,1,2018-10-05 06:14:08
510,136,0,19,699.00,0,2018-11-09 23:46:06
511,224,2,11,83.41,4,2018-11-20 21:22:58
512,181,7,4,195.35,1,2018-12-28 18:46:24
513,260,8,0,76.01,1,2018-12-26 14:21:08
514,283,2,11,329.85,3,2018-12-10 17:50:12
515,158,5,18,1120.13,2,2018-10-08 14:07:58
516,44,6,4,1893.05,0,2018-12-08 16:56:40
517,133,4,9,1364.65,2,2018-10-14 16:01:35
518,95,4,19,1177.81,2,2018-10-30 08:51:22
519,265,0,3,1156.91,3,2019-01-04 07:53:17
520,114,8,0,1687.38,0,2018-10-25 17:23:03
521,0,1,9,1112.26,1,2018-12-21 05:37:31
522,123,7,12,480.43,2,2018-10-23 07:49:07
523,299,1,14,1345.69,0,2019-01-05 05:00:21
524,33,5,0,1151.58,3,2018-12-30 13:00:04
525,84,2,13,564.53,4,2018-10-10 11:13:15
526,95,0,6,1178.06,4,2018-10-30 07:00:46
527,46,7,2,1932.28,2,2018-11-22 05:06:14
528,181,8,10,1992.80,1,2018-12-20 02:33:56
529,274,6,4,915.56,4,2018-10-06 09:24:58
530,59,4,6,1718.98,2,2018-12-22 00:08:22
531,1,2,17,405.79,1,2018-10-22 22:34:16
532,44,9,11,1477.59,4,2018-11-14 07:30:58
533,140,1,11,1612.26,0,2018-11-15 15:39:56
534,212,9,0,1917.96,0,2018-11-08 23:45:46
535,280,4,7,1054.49,1,2018-11-23 03:57:42
536,6,0,13,1889.69,0,2018-12-06 02:53:47
537,183,8,17,598.10,3,2018-10-12 17:07:10
538,185,6,10,646.59,0,2018-11-14 07:00:03
539,151,9,12,193.53,3,2018-12-22 15:47:31
540,122,6,13,1729.20,3,2018-11-07 00:38:41
541,142,3,19,762.61,1,2018-11-02 10:03:08
542,67,2,14,698.63,1,2018-11-29 18:04:54
543,174,4,9,660.06,1,2018-12-29 09:42:29
544,166,2,10,1583.27,3,2018-11-22 03:11:17
545,232,4,17,1099.27,1,2018-12-24 11:47:01
546,197,1,8,1550.37,4,2018-10-18 14:53:56
547,108,0,18,813.86,3,2018-12-26 23:01:58
548,10,0,4,1631.45,4,2018-12-27 18:09:42
549,36,2,7,623.47,3,2018-11-03 11:45:00
550,148,4,9,1925.51,3,2018-11-30 18:32:54
551,258,4,7,1236.63,2,2018-10-27 12:14:52
552,250,8,13,594.58,2,2018-11-24 23:08:34
553,72,9,12,1963.48,1,2018-10-16 05:28:20
554,84,0,0,1075.89,3,2018-11-09 16:44:17
555,120,0,5,590.67,0,2018-12-10 20:56:22
556,191,0,7,1594.34,2,2018-10-28 10:30:42
557,193,6,14,1710.98,0,2018-12-12 23:19:01
558,128,3,12,504.09,2,2019-01-10 02:54:25
559,237,6,1,677.93,1,2018-12-08 21:54:32
560,82,4,0,861.27,0,2018-11-29 00:52:52
561,88,4,15,104.42,4,2018-10-24 23:06:11
562,277,5,16,480.72,1,2018-11-13 06:41:15
563,105,1,17,1632.57,4,2018-10-09 05:57:45
564,180,5,16,512.28,1,2018-11-15 08:51:30
565,120,0,17,1417.00,1,2018-11-26 14:41:43
566,243,8,13,148.63,1,2018-12-08 04:15:08
567,234,4,8,1385.83,0,2018-10-26 08:33:32
568,233,0,10,714.36,4,2018-10-29 17:24:33
569,233,4,14,532.37,4,2018-12-21 22:50:33
570,158,2,3,258.34,2,2019-01-09 13:25:17
571,215,4,6,1059.00,0,2018-10-13 16:52:45
572,145,4,14,1459.31,4,2018-11-21 15:27:24
573,134,7,1,615.38,3,2018-10-14 13:47:46
574,210,9,15,1643.37,4,2018-10-24 12:18:18
575,194,0,13,1770.86,1,2018-11-10 05:28:38
576,130,7,16,1895.29,2,2018-12-22 13:11:56
577,127,2,10,1520.98,2,2018-10-12 18:17:46
578,40,8,18,421.20,4,2018-11-11 22:33:45
579,38,9,1,488.14,3,2018-10-06 04:25:08
580,111,3,11,1693.88,4,2018-11-19 18:32:55
581,23,5,17,633.55,2,2018-12-18 04:45:21
582,254,7,16,594.87,2,2018-12-15 19:33:18
583,85,8,13,1002.90,0,2018-11-14 18:49:45
584,205,4,18,277.13,1,2018-11-01 22:48:19
585,79,4,4,1190.31,0,2018-12-10 00:26:11
586,265,9,5,232.29,4,2018-12-13 12:00:19
587,151,4,19,888.22,1,2018-12-11 16:34:53
588,112,9,14,1887.51,3,2018-11-09 03:10:46
589,1,2,15,1815.98,3,2018-10-29 17:37:45
590,290,6,16,714.90,2,2018-10-14 20:09:03
591,145,8,18,363.55,0,2018-10-21 21:51:19
592,193,8,6,1454.03,3,2018-10-26 14:05:01
593,21,6,7,982.50,1,2018-11-30 23:07:11
594,296,8,14,1674.01,4,2018-10-30 00:35:48
595,3,5,3,393.87,2,2018-11-16 01:06:23
596,262,4,17,1991.18,2,2018-11-18 13:37:51
597,55,3,4,1406.27,3,2018-12-28 10:50:25
598,275,4,19,1172.74,1,2018-12-16 09:36:02
599,45,9,12,1051.73,2,2018-12-05 21:18:51
600,247,0,6,863.14,4,2018-11-14 09:16:37
601,34,2,4,6.74,4,2018-10-06 22:36:24
602,104,0,5,1443.61,4,2019-01-05 15:59:31
603,133,1,7,1188.88,3,2018-11-03 22:10:04
604,31,9,19,1653.64,1,2018-11-02 11:19:05
605,30,4,2,974.11,2,2018-11-17 14:14:56
606,242,2,6,1055.91,3,2018-12-15 13:37:06
607,235,6,0,794.15,1,2018-12-06 17:04:11
608,273,6,1,602.84,2,2018-12-07 08:38:33
609,18,8,13,730.00,0,2018-12-24 03:54:05
610,143,1,13,764.18,2,2018-11-07 17:53:22
611,175,0,19,57.15,3,2018-11-05 22:11:26
612,275,4,2,1605.62,0,2018-11-11 06:50:30
613,138,3,8,113.99,1,2018-11-11 04:53:33
614,144,7,17,478.66,0,2018-11-08 03:48:43
615,217,2,5,112.01,2,2018-11-03 23:05:50
616,58,3,19,1611.45,4,2018-12-22 14:06:22
617,198,0,12,990.23,3,2018-11-08 04:41:33
618,211,4,4,800.21,0,2018-12-03 19:28:57
619,56,9,19,1703.25,1,2019-01-01 23:45:05
620,247,2,17,924.13,4,2018-11-23 10:53:17
621,25,0,10,1641.97,1,2018-12-05 17:42:45
622,124,0,17,376.96,3,2018-10-10 05:16:05
623,43,3,3,1595.84,4,2018-11-30 05:37:03
624,15,1,11,370.55,1,2018-10-10 06:57:33
625,38,8,12,1808.46,3,2018-10-18 01:25:30
626,27,5,7,1966.82,3,2018-12-03 13:46:41
627,294,8,8,444.18,0,2018-12-08 16:57:46
628,83,0,9,1590.72,2,2018-11-11 16:39:27
629,21,6,15,17.25,0,2018-12-02 21:24:55
630,236,4,3,1529.22,4,2018-11-21 13:59:00
631,46,3,10,39.63,1,2018-10-21 10:25:59
632,216,5,11,1796.84,0,2018-12-22 18:48:47
633,39,4,11,976.43,4,2018-11-20 23:02:02
634,119,1,8,1921.82,1,2018-12-04 12:30:45
635,65,1,15,373.97,2,2018-12-17 00:58:40
636,32,1,11,257.96,1,2018-10-16 20:37:05
637,21,3,5,1215.03,2,2018-11-09 21:01:17
638,15,3,6,1841.88,2,2018-12-28 06:53:11
639,237,1,10,1786.19,0,2018-10-16 05:38:06
640,58,8,10,486.64,4,2018-11-08 12:55:36
641,113,3,12,896.29,0,2018-12-03 14:35:40
642,270,4,2,1529.47,0,2018-11-07 16:58:40
643,257,0,3,602.55,1,2018-12-20 20:27:50
644,113,2,12,1638.07,4,2018-10-17 08:47:35
645,225,8,16,777.17,3,2018-12-25 01:36:59
646,155,5,4,1438.68,2,2019-01-03 02:18:35
647,151,1,5,134.99,2,2018-11-12 12:03:29
648,126,0,7,977.17,0,2018-12-04 16:35:24
649,33,9,13,1648.93,3,2018-10-09 11:02:27
650,86,7,13,585.17,2,2018-11-20 13:21:07
651,287,9,6,670.54,2,2018-12-16 11:06:13
652,165,1,3,427.78,3,2018-12-29 22:10:29
653,120,4,12,1267.34,3,2018-10-16 15:27:11
654,219,1,4,1592.96,3,2018-10-23 05:32:36
655,298,7,6,164.33,4,2018-11-13 22:50:24
656,11,3,12,188.59,1,2018-11-01 23:20:31
657,131,9,17,767.53,1,2018-10-29 05:45:12
658,155,7,13,1590.01,3,2018-11-12 05:37:14
659,191,9,16,1741.60,4,2018-12-09 04:13:22
660,106,8,17,1183.59,0,2018-11-03 09:23:45
661,252,5,15,857.12,1,2018-10-26 22:05:31
662,89,8,8,41.85,4,2019-01-04 07:10:39
663,161,6,10,819.08,4,2018-11-09 08:26:49
664,71,1,6,1710.88,1,2018-10-28 20:58:08
665,67,3,6,1692.86,3,2018-11-18 03:52:35
666,146,4,6,364.40,3,2018-12-21 04:42:11
667,110,1,13,1673.60,1,2018-10-26 05:08:25
668,263,1,3,61.31,2,2018-12-08 03:25:42
669,137,4,16,1269.60,0,2018-12-13 19:52:34
670,145,0,12,1721.48,1,2018-11-19 05:17:51
671,157,6,10,615.94,1,2018-10-28 18:41:34
672,114,1,19,99.67,1,2018-11-14 09:39:29
673,115,2,3,1386.88,2,2018-11-08 03:43:10
674,42,2,13,789.66,3,2018-10-11 02:11:29
675,100,9,18,570.65,4,2019-01-02 05:16:34
676,234,5,18,834.11,0,2018-12-13 23:18:02
677,151,0,4,1807.19,2,2018-10-16 05:10:29
678,130,9,8,462.30,2,2018-11-28 00:34:56
679,255,4,18,1817.38,1,2018-10-24 02:55:45
680,148,1,2,1844.98,1,2018-12-12 10:14:36
681,55,9,3,81.32,0,2018-11-17 20:56:59
682,278,2,11,1466.81,0,2018-11-15 19:55:57
683,251,5,8,1917.03,0,2018-11-14 03:37:39
684,137,1,13,103.05,3,2018-12-20 15:50:24
685,171,1,12,690.01,3,2018-11-01 20:48:41
686,251,7,5,1683.53,3,2018-10-24 20:24:10
687,23,8,15,426.10,3,2018-12-17 06:20:38
688,158,1,12,177.04,1,2018-11-14 17:45:19
689,215,9,3,637.55,2,2018-11-19 20:02:10
690,136,2,12,581.46,4,2018-10-30 01:13:12
691,49,1,6,895.01,3,2018-12-13 12:15:55
692,293,4,1,1114.21,3,2019-01-08 06:10:17
693,278,7,8,1431.54,3,2018-11-11 20:49:55
694,255,6,19,625.81,1,2018-11-29 01:18:29
695,22,1,1,1851.54,4,2018-10-26 21:24:47
696,185,3,10,1373.20,1,2018-11-25 15:11:19
697,112,5,14,1494.66,1,2018-12-24 01:09:15
698,26,5,13,1763.96,0,2018-11-28 07:37:50
699,109,3,6,1987.86,0,2018-10-13 07:59:36
700,221,0,11,96.38,0,2018-11-10 22:29:02
701,291,6,16,478.04,1,2018-10-16 22:23:45
702,135,9,11,1161.15,0,2019-01-07 12:34:52
703,51,6,9,599.83,2,2018-10-16 06:34:14
704,104,4,15,730.02,4,2018-10-05 08:25:04
705,89,6,3,1681.92,2,2018-10-28 11:16:59
706,159,3,2,233.93,4,2018-12-07 23:09:22
707,58,1,16,469.76,0,2019-01-10 11:46:24
708,286,8,11,1533.50,1,2019-01-02 02:12:43
709,76,5,5,838.43,1,2018-12-26 23:29:47
710,15,1,10,719.18,4,2018-12-15 14:22:00
711,112,8,15,838.96,2,2019-01-04 23:16:14
712,161,8,18,864.55,2,2018-10-28 22:12:13
713,285,1,17,872.53,1,2018-12-03 07:05:07
714,222,2,15,1018.02,3,2018-11-10 03:49:32
715,4,1,0,884.02,2,2018-11-09 15:17:18
716,228,4,14,1285.85,1,2018-12-17 21:57:44
717,286,9,8,930.90,1,2018-11-27 14:24:38
718,267,4,7,1368.81,0,2018-10-26 18:37:53
719,106,0,8,1190.59,4,2018-10-07 07:23:22
720,24,6,5,1508.88,2,2018-11-21 11:52:02
721,83,5,1,1954.98,4,2018-12-22 04:54:42
722,165,1,5,1530.18,0,2018-10-09 23:05:49
723,30,9,7,111.41,0,2018-11-19 00:58:49
724,241,0,13,974.05,0,2018-11-10 16:39:24
725,243,7,17,373.21,4,2018-12-11 17:17:57
726,193,5,0,1594.36,2,2018-11-14 18:26:52
727,208,4,15,1600.10,1,2018-11-01 19:08:55
728,105,5,9,462.14,1,2019-01-01 19:02:07
729,255,8,7,98.73,4,2018-10-30 09:06:23
730,186,5,17,1303.45,0,2018-10-17 13:30:44
731,265,2,13,1129.86,1,2018-10-20 13:28:43
732,165,2,10,1539.92,3,2018-12-22 07:39:16
733,174,0,16,942.87,1,2018-12-31 16:21:55
734,289,6,8,1805.18,0,2018-11-22 10:07:45
735,279,3,15,636.49,0,2018-12-31 19:24:44
736,205,4,3,1863.77,0,2018-10-11 23:50:45
737,255,8,8,790.67,1,2018-12-10 12:39:07
738,197,1,8,162.19,2,2018-11-15 22:12:24
739,57,7,16,67.37,3,2018-11-14 13:11:19
740,248,7,5,398.29,0,2018-11-16 03:33:11
741,110,8,7,1434.03,0,2018-11-28 15:51:47
742,171,6,1,1117.87,4,2018-10-25 02:42:37
743,195,6,10,73.60,0,2018-11-24 05:58:33
744,149,1,12,452.37,2,2018-12-04 11:49:45
745,239,5,8,1818.96,1,2018-12-05 12:34:46
746,138,5,16,624.04,0,2018-11-22 15:00:58
747,292,9,18,1649.51,2,2018-10-10 23:26:54
748,230,8,7,1093.86,2,2018-10-17 00:06:47
749,252,9,5,1637.46,2,2018-11-09 15:32:54
750,44,7,15,1450.16,0,2018-12-19 23:55:52
751,130,4,6,104.34,2,2018-12-07 07:56:58
752,296,9,8,974.05,1,2018-12-20 08:15:30
753,114,3,12,680.90,3,2018-11-08 07:49:14
754,99,9,0,820.50,4,2018-10-09 17:22:47
755,103,7,6,643.16,1,2019-01-05 08:48:41
756,201,6,0,877.07,1,2018-11-17 16:59:56
757,28,1,3,1170.37,3,2019-01-03 05:13:03
758,5,5,18,1465.50,4,2018-11-27 10:43:43
759,243,3,12,1039.30,0,2018-10-24 17:22:16
760,152,9,16,404.36,0,2018-10-25 01:20:02
761,207,8,16,1391.23,0,2018-10-20 11:19:05
762,275,7,12,725.23,1,2018-10-06 22:43:11
763,172,2,7,1398.03,4,2018-10-14 23:03:28
764,68,5,5,113.11,4,2018-10-24 13:47:24
765,228,3,1,1382.37,4,2018-10-30 15:30:17
766,13,4,15,1407.37,0,2018-11-20 07:33:06
767,108,5,15,1841.54,2,2018-10-14 16:40:11
768,237,4,19,1147.91,0,2018-12-03 00:50:41
769,228,0,17,1167.52,3,2018-10-11 00:03:34
770,227,8,3,979.20,4,2018-11-05 18:28:25
771,197,1,6,87.50,2,2018-12-23 03:37:15
772,205,5,13,1938.17,2,2018-11-16 09:56:32
773,255,7,5,1064.44,1,2018-12-16 13:36:58
774,13,4,2,362.45,4,2018-11-27 14:55:18
775,292,5,16,348.94,2,2018-10-17 19:43:56
776,35,8,7,1879.72,2,2019-01-08 01:56:11
777,104,1,8,1969.26,4,2018-11-14 19:50:44
778,280,1,3,101.69,2,2018-10-13 22:28:17
779,213,5,8,750.40,4,2018-11-09 03:46:36
780,271,2,16,1076.87,1,2018-12-22 00:54:08
781,210,1,14,1187.21,2,2018-10-20 21:08:01
782,154,7,4,1991.75,0,2018-11-11 04:38:19
783,124,6,4,535.74,1,2019-01-05 08:03:24
784,91,7,4,1192.31,3,2018-12-24 05:48:37
785,61,6,0,367.02,4,2018-11-08 11:52:53
786,189,3,1,376.18,1,2018-12-12 21:32:00
787,183,6,4,735.22,0,2018-12-26 20:34:01
788,279,5,18,1235.05,2,2019-01-01 04:01:35
789,241,3,5,395.31,2,2018-11-24 06:21:04
790,284,4,2,1268.58,0,2018-12-23 10:52:58
791,249,9,19,664.83,2,2018-11-22 15:57:34
792,238,6,18,1712.68,3,2018-12-15 23:53:03
793,294,5,2,1718.56,4,2018-10-12 15:31:59
794,80,2,12,1200.30,0,2018-11-22 18:09:22
795,299,8,0,1648.33,4,2018-11-12 05:51:38
796,14,6,4,981.98,4,2018-12-10 16:39:50
797,213,5,11,1484.14,3,2018-11-25 13:16:22
798,93,3,7,1262.66,1,2018-10-06 11:24:27
799,102,8,18,682.36,0,2018-10-12 13:46:28
800,283,2,14,853.21,1,2019-01-03 18:36:22
801,233,3,7,1128.05,2,2018-12-07 22:42:25
802,214,0,1,1188.75,4,2018-11-03 16:48:15
803,255,6,12,407.90,4,2018-10-03 05:08:28
804,92,2,2,535.91,3,2018-11-15 05:10:20
805,231,4,12,1585.92,4,2019-01-08 10:58:41
806,35,1,13,1509.19,0,2018-12-31 01:45:19
807,90,5,0,1706.19,3,2018-11-28 09:37:13
808,228,8,1,860.47,0,2018-12-24 16:02:31
809,148,4,8,165.37,3,2018-11-27 04:30:33
810,142,1,16,818.41,0,2018-11-02 08:20:40
811,191,9,16,1504.82,2,2018-11-26 19:35:18
812,210,2,1,367.22,3,2018-10-03 06:45:00
813,139,6,0,1291.22,1,2018-12-09 10:35:31
814,100,4,8,2.19,0,2019-01-01 15:49:22
815,263,6,8,959.85,0,2018-10-25 01:51:59
816,93,6,7,1326.15,1,2018-12-22 19:51:49
817,40,9,4,821.75,0,2019-01-09 02:55:39
818,192,7,11,1904.55,4,2018-10-22 13:26:14
819,264,4,13,72.45,1,2018-12-20 12:23:43
820,76,7,12,1033.08,4,2018-12-16 06:23:39
821,110,7,12,432.88,0,2018-10-13 13:48:20
822,93,0,15,1350.95,2,2018-10-30 00:54:05
823,220,6,5,3.38,2,2018-10-04 05:18:25
824,190,0,16,1824.03,2,2018-11-06 23:48:47
825,116,1,17,678.43,1,2018-12-20 22:27:15
826,219,8,17,697.37,3,2018-10-03 02:00:20
827,209,8,7,1866.59,4,2018-12-15 16:29:25
828,130,3,10,157.77,2,2018-11-21 08:52:14
829,263,8,9,758.61,0,2018-10-17 17:37:54
830,29,3,17,138.79,4,2018-12-28 14:55:04
831,147,2,7,612.85,2,2018-11-07 02:37:09
832,92,0,9,837.11,3,2018-12-07 21:57:18
833,22,7,10,1764.96,4,2018-12-25 22:48:14
834,217,0,11,1887.76,1,2018-10-17 09:12:25
835,103,3,0,757.35,4,2018-11-25 04:49:18
836,126,4,18,972.71,1,2018-10-03 13:35:42
837,252,6,19,219.05,1,2018-10-05 20:30:22
838,74,4,9,1023.20,0,2018-11-27 11:00:24
839,38,7,11,1159.92,3,2018-12-11 07:52:02
840,16,9,19,1639.04,2,2018-10-05 16:31:46
841,25,4,17,83.53,4,2018-12-30 08:17:09
842,28,5,18,1311.46,1,2018-12-01 21:13:55
843,16,6,10,834.33,4,2018-12-20 15:33:02
844,95,2,1,1330.15,2,2019-01-02 16:14:21
845,44,1,19,97.63,3,2018-10-09 05:25:01
846,203,0,12,1616.24,1,2018-12-23 10:36:17
847,293,3,3,843.10,2,2018-10-04 11:58:19
848,297,4,1,293.70,0,2018-12-31 03:26:28
849,26,3,1,1276.13,0,2018-11-29 11:50:56
850,280,5,2,1640.66,1,2018-11-04 16:53:24
851,66,9,16,726.86,0,2018-11-12 17:41:10
852,131,6,14,604.82,3,2018-10-19 21:38:14
853,242,0,16,709.02,0,2018-12-03 11:22:47
854,194,3,19,684.59,4,2018-11-29 22:49:44
855,108,6,5,1622.32,4,2018-12-22 11:52:53
856,81,9,10,1437.28,3,2018-11-01 16:50:12
857,122,7,16,410.87,4,2018-11-21 22:18:23
858,46,0,0,1852.04,3,2018-11-23 21:51:27
859,216,7,1,240.71,2,2018-10-08 06:36:05
860,57,6,12,397.34,3,2018-10-04 05:17:24
861,8,2,8,1892.54,4,2019-01-02 03:21:29
862,194,1,13,707.92,1,2018-11-17 00:39:37
863,1,6,3,208.20,4,2018-10-18 23:50:00
864,212,2,8,6.65,1,2018-12-31 09:49:00
865,14,7,5,364.16,2,2018-11-07 00:47:27
866,277,4,8,1760.45,1,2018-12-31 13:58:59
867,41,9,6,1912.91,1,2018-11-06 06:44:41
868,102,3,18,1453.60,1,2019-01-10 02:46:49
869,219,5,7,1027.27,4,2018-12-30 13:39:55
870,17,6,7,335.01,2,2018-12-11 04:47:46
871,3,0,5,957.76,0,2018-10-29 13:54:05
872,150,9,0,1578.26,4,2018-10-08 17:58:34
873,257,7,6,1775.28,4,2018-10-19 21:28:41
874,151,5,10,1407.07,4,2018-12-30 13:26:38
875,129,6,12,586.24,2,2018-10-13 00:42:26
876,220,0,16,1714.24,4,2018-10-18 08:26:12
877,125,9,14,1795.21,1,2018-11-30 14:12:29
878,263,8,11,776.39,2,2018-12-23 20:08:56
879,251,1,12,1028.11,1,2018-12-09 04:41:12
880,28,1,8,481.60,3,2018-11-04 19:59:33
881,228,9,3,49.93,0,2018-11-10 06:32:36
882,64,7,4,1591.42,2,2018-11-09 06:17:26
883,58,0,14,604.89,3,2018-12-14 09:24:34
884,65,2,0,908.03,0,2018-10-08 01:53:27
885,209,5,9,1419.28,1,2018-10-16 22:29:18
886,195,8,11,672.78,1,2018-12-09 18:37:32
887,22,1,12,1639.52,2,2019-01-01 17:32:50
888,190,8,19,1351.19,0,2018-11-26 01:27:15
889,84,5,19,1389.21,3,2018-10-28 17:45:18
890,21,1,1,335.93,2,2018-10-10 18:55:51
891,12,0,14,732.94,2,2018-10-28 09:49:42
892,59,5,9,1603.53,1,2018-10-26 07:00:45
893,228,1,0,602.55,0,2018-11-22 03:09:15
894,80,5,18,478.27,1,2018-11-28 09:04:42
895,212,2,18,1799.62,2,2018-11-12 05:36:11
896,130,0,10,281.28,1,2018-12-25 06:19:08
897,42,7,13,320.76,4,2018-11-17 20:37:07
898,222,3,14,572.45,3,2018-11-28 21:48:49
899,296,4,11,1397.20,3,2018-11-14 13:01:10
900,250,3,17,1132.85,1,2018-10-04 13:32:11
901,279,9,0,895.35,0,2018-10-10 03:31:47
902,37,5,19,1897.28,1,2018-10-15 20:19:59
903,206,3,9,1340.25,3,2018-12-20 20:45:05
904,115,5,9,247.27,0,2018-10-20 12:00:04
905,13,9,0,1708.51,1,2018-12-22 21:55:51
906,63,9,4,839.54,1,2018-12-20 00:28:57
907,201,9,12,1355.84,2,2018-10-08 20:55:56
908,250,0,15,1301.73,2,2018-12-09 21:56:46
909,185,7,2,716.80,2,2018-11-27 06:14:53
910,223,4,15,414.49,4,2019-01-03 21:49:48
911,228,6,16,618.43,3,2018-10-04 21:34:34
912,201,6,2,1957.89,0,2018-11-25 13:46:48
913,66,7,9,717.61,4,2019-01-03 20:29:47
914,129,3,15,1279.75,0,2018-12-17 23:33:08
915,124,3,7,1394.65,4,2018-12-02 14:06:51
916,161,9,17,1299.84,0,2019-01-07 02:50:10
917,272,4,6,1757.30,0,2018-12-29 16:50:03
918,166,3,14,1456.72,2,2018-11-18 22:17:23
919,26,0,6,733.09,3,2018-11-16 16:54:21
920,10,6,16,1802.26,2,2018-12-28 12:46:09
921,42,3,12,711.12,1,2018-11-10 14:56:04
922,137,5,7,1725.81,4,2018-12-28 11:35:22
923,67,2,1,1152.20,2,2018-11-15 07:56:52
924,119,5,18,1725.61,4,2018-11-11 22:18:19
925,44,6,8,1988.61,0,2018-11-18 17:05:44
926,191,7,17,1225.77,3,2018-12-23 02:21:48
927,138,4,7,609.18,3,2018-10-30 18:56:20
928,227,0,12,1055.85,0,2018-10-18 12:48:42
929,157,7,18,1555.08,0,2018-11-27 10:50:41
930,235,5,10,1164.98,2,2018-11-08 00:06:12
931,72,6,15,1675.65,4,2018-11-14 08:59:56
932,128,7,16,139.35,3,2018-12-27 05:44:31
933,34,4,17,7.95,3,2019-01-06 08:55:54
934,174,0,12,1741.41,0,2018-12-05 20:19:33
935,55,8,0,1800.54,4,2018-12-19 18:53:10
936,26,5,18,1009.40,1,2018-12-02 15:32:37
937,72,6,7,1308.43,3,2018-11-02 07:06:29
938,227,4,7,370.39,1,2018-12-26 07:51:52
939,290,6,6,808.69,1,2018-11-08 13:43:27
940,168,5,6,1058.96,1,2018-12-30 07:13:21
941,229,9,18,1942.90,1,2018-11-30 03:08:44
942,199,6,8,133.47,3,2018-10-24 05:19:31
943,50,2,19,363.28,3,2018-12-08 07:53:53
944,113,1,19,1184.90,2,2018-11-17 00:28:01
945,259,1,12,774.34,3,2019-01-10 11:59:33
946,95,8,15,1988.68,2,2018-11-25 11:26:51
947,164,4,14,1013.21,2,2018-11-12 07:00:01
948,37,6,10,1812.22,4,2018-11-17 00:10:47
949,287,7,11,643.39,3,2018-12-01 08:08:08
950,245,4,6,722.17,2,2018-10-21 09:49:03
951,124,9,2,1651.17,0,2018-12-11 14:34:52
952,121,7,4,302.62,3,2018-11-08 09:40:29
953,63,8,5,889.62,2,2018-10-04 13:30:37
954,58,5,11,872.75,0,2018-12-12 15:08:45
955,79,9,15,1726.25,2,2019-01-01 02:40:24
956,18,0,7,159.61,3,2019-01-09 19:50:44
957,84,1,9,1387.60,4,2018-10-19 06:09:04
958,154,7,5,925.71,3,2018-11-05 10:11:06
959,188,1,3,384.50,1,2019-01-01 00:14:34
960,142,9,9,163.41,4,2018-10-09 20:51:10
961,8,1,15,1428.68,1,2018-11-15 02:27:59
962,149,3,11,1948.96,2,2018-11-24 22:05:14
963,135,9,2,853.78,1,2018-12-31 23:50:18
964,220,5,18,101.97,4,2018-10-22 01:35:54
965,81,4,15,828.12,4,2018-10-28 03:42:08
966,39,0,3,534.18,1,2018-12-08 10:20:50
967,153,4,18,844.17,3,2018-10-07 01:23:04
968,188,7,6,1110.07,3,2018-11-02 12:39:52
969,71,3,6,1998.63,2,2018-12-20 03:00:58
970,88,4,8,1407.53,3,2018-10-13 16:18:12
971,285,5,19,502.86,4,2018-11-10 18:36:35
972,120,5,13,786.78,0,2018-11-16 06:37:23
973,45,6,19,405.14,3,2018-11-07 14:53:22
974,81,2,4,388.88,2,2018-12-19 20:29:07
975,217,5,12,542.39,1,2018-11-07 00:58:14
976,88,1,16,232.14,3,2018-11-11 20:17:52
977,276,3,15,802.06,2,2018-12-22 20:08:55
978,273,2,14,1505.55,0,2019-01-10 11:40:29
979,281,6,0,553.85,0,2018-10-05 20:57:36
980,190,7,2,1927.33,3,2018-12-22 12:16:31
981,14,9,10,1952.97,1,2018-11-07 06:45:35
982,284,9,16,1006.08,2,2018-12-27 19:47:19
983,183,8,17,1221.66,1,2018-11-10 13:38:21
984,79,5,16,1977.96,4,2018-12-15 22:40:58
985,164,0,10,1144.10,3,2018-11-17 06:36:26
986,123,4,5,1771.27,1,2018-12-05 22:22:33
987,140,5,11,174.04,2,2018-10-22 09:50:32
988,207,2,7,1648.75,2,2018-11-07 13:17:31
989,164,6,6,1726.79,4,2018-12-25 16:28:36
990,253,5,3,184.35,4,2018-12-04 01:21:39
991,121,0,5,1533.55,2,2018-12-22 13:57:13
992,96,6,2,1338.17,2,2018-12-17 04:41:44
993,71,1,8,160.34,4,2018-11-29 21:36:24
994,123,4,10,1899.15,1,2018-11-09 14:29:57
995,23,1,15,1874.45,3,2018-10-27 02:00:26
996,135,5,1,1175.02,0,2018-11-04 11:41:10
997,47,1,18,1575.81,2,2018-10-12 12:13:21
998,37,9,19,1134.40,2,2018-12-28 08:30:32
999,61,4,14,248.86,0,2018-10-25 00:23:55
1000,209,9,2,264.69,0,2019-01-05 02:37:49
1001,145,4,18,742.05,0,2018-10-14 17:53:10